10 0.104667 0.082825
12 0.129890 0.100480
14 0.152708 0.115890
16 0.179722 0.134960
18 0.202917 0.154189
20 0.224307 0.174603
22 0.250797 0.191476
24 0.275285 0.209685
26 0.303440 0.228040
28 0.326795 0.256421
30 0.344072 0.264750
32 0.381505 0.285577
34 0.412868 0.300966
36 0.433751 0.327155
38 0.483410 0.343060
40 0.515531 0.363072
42 0.536255 0.377024
44 0.546049 0.396806
46 0.574360 0.465892
48 0.596504 0.473661
50 0.637174 0.467388
52 0.698736 0.472203
54 0.674896 0.499731
56 0.707628 0.522641
58 0.738050 0.542629
60 0.794542 0.574571
62 0.796500 0.617825
64 0.804659 0.583237
66 0.927137 0.648502
68 0.866848 0.623816
70 0.894377 0.674665
72 0.952514 0.706831
74 0.966051 0.696142
76 0.996298 0.700301
78 0.994638 0.719277
80 1.018588 0.735587
82 1.040956 0.753451
84 1.084874 0.780935
86 1.094500 0.798035
88 1.120052 0.817597
90 1.151173 0.835141
92 1.177749 0.860192
94 1.219733 0.901054
96 1.243728 0.898895
98 1.260279 0.916967
100 1.372697 1.002447
102 1.395091 1.004729
104 1.445858 0.986521
106 1.439321 1.011949
108 1.411995 1.033087
110 1.464532 1.072117
112 1.459619 1.056010
114 1.559550 1.138371
116 1.625376 1.137300
118 1.613782 1.117466
120 1.619704 1.252636
122 1.747371 1.238077
124 1.787849 1.355855
126 1.786878 1.332789
128 1.794497 1.283299
130 1.686693 1.231962
132 1.720096 1.236620
134 1.713025 1.247119
136 1.753911 1.264093
138 1.804120 1.399403
140 1.871073 1.366968
142 1.815484 1.306233
144 1.860675 1.337754
146 1.848931 1.338648
148 1.898295 1.403444
150 2.051831 1.449856
152 1.996113 1.495770
154 2.036475 1.488631
156 1.976014 1.444072
158 2.045607 1.546697
160 2.056393 1.681322
162 2.245127 1.529983
164 2.158820 1.595189
166 2.182639 1.643712
168 2.126969 1.581549
170 2.169222 1.602185
172 2.138358 1.603804
174 2.220763 1.632457
176 2.173871 1.688951
178 2.209958 1.643530
180 2.336391 1.657273
182 2.243356 1.740370
184 2.279012 1.690949
186 2.436912 1.776538
188 2.366151 1.804904
190 2.445523 1.907618
192 2.468191 1.814384
194 2.422181 1.789056
196 2.466625 1.861225
198 2.455813 1.832286
200 2.478389 1.834850
202 2.468877 1.837031
204 2.492701 1.853616
206 2.559238 1.860302
208 2.638229 1.974020
